17
0 38 13 73 10 76 6 80 65 17 2 77 72 7 26 51 21 
38 0 19 85 12 29 30 15 51 69 88 88 95 97 87 14 10 
13 19 0 8 64 62 23 58 2 1 61 82 9 89 14 48 73 
73 85 8 0 31 72 4 71 22 50 58 4 69 25 44 77 27 
10 12 64 31 0 53 81 42 83 16 65 69 26 99 88 8 27 
76 29 62 72 53 0 26 23 10 68 24 28 38 58 84 39 9 
6 30 23 4 81 26 0 33 35 11 24 16 88 26 72 93 75 
80 15 58 71 42 23 33 0 63 47 33 89 24 56 66 78 4 
65 51 2 22 83 10 35 63 0 1 78 7 53 86 71 3 77 
17 69 1 50 16 68 11 47 1 0 92 22 76 8 78 73 76 
2 88 61 58 65 24 24 33 78 92 0 77 44 21 31 37 8 
77 88 82 4 69 28 16 89 7 22 77 0 46 69 58 83 97 
72 95 9 69 26 38 88 24 53 76 44 46 0 14 11 24 82 
7 97 89 25 99 58 26 56 86 8 21 69 14 0 8 25 75 
26 87 14 44 88 84 72 66 71 78 31 58 11 8 0 93 21 
51 14 48 77 8 39 93 78 3 73 37 83 24 25 93 0 33 
21 10 73 27 27 9 75 4 77 76 8 97 82 75 21 33 0 
